   400.000000       50.3957520       49.6042442       5.96046448E-08   8.39385483E-03
   401.000000       52.0143280       47.9855957       7.74860382E-07   8.31549801E-03
   402.000000       52.2745781       47.7253914       2.98023224E-07   8.23772606E-03
   403.000000       51.2498398       48.7501755      -1.49011612E-07   8.16051662E-03
   404.000000       48.9350395       51.0649986      -3.87430191E-07   8.08384176E-03
   405.000000       45.2670898       54.7328873       2.08616257E-07   8.00768193E-03
   406.000000       40.1623383       59.8377991      -1.37090683E-06   7.93201104E-03
   407.000000       33.5924187       66.4076614      -8.04662704E-07   7.85682537E-03
   408.000000       25.7170944       74.2828827       2.08616257E-07   7.78210349E-03
   409.000000       17.0892735       82.9108505      -1.20699406E-06   7.70783192E-03
   410.000000       8.84187031       91.1581421      -9.68575478E-08   7.63399946E-03
   411.000000       2.62366915       97.3763733      -3.94880772E-07   7.56059587E-03
   412.000000       2.40304414E-02   99.9757996       1.69043778E-06   7.48760160E-03
   413.000000       1.69048345       98.3094025       1.12876296E-06   7.41502363E-03
   414.000000       6.91876125       93.0813141      -7.45058060E-07   7.34283775E-03
   415.000000       14.1537142       85.8463135      -3.12924385E-07   7.27104302E-03
   416.000000       21.8446140       78.1553802       5.96046448E-08   7.19963247E-03
   417.000000       28.9398918       71.0601883      -7.74860382E-07   7.12859817E-03
   418.000000       34.9187088       65.0812302       6.25848770E-07   7.05793174E-03
   419.000000       39.6164627       60.3836174      -8.04662704E-07   6.98762340E-03
   420.000000       43.0473824       56.9526558      -3.87430191E-07   6.91767456E-03
   421.000000       45.2902336       54.7098618      -9.83476639E-07   6.84807403E-03
   422.000000       46.4257050       53.5742836       1.19209290E-07   6.77882042E-03
   423.000000       46.5099564       53.4900856      -4.17232513E-07   6.70990394E-03
   424.000000       45.5650215       54.4350319      -5.36441803E-07   6.64132182E-03
   425.000000       43.5805893       56.4193497       6.25848770E-07   6.57306938E-03
   426.000000       40.5241356       59.4758911      -2.98023224E-07   6.50514057E-03
   427.000000       36.3627014       63.6373444      -4.76837158E-07   6.43753167E-03
   428.000000       31.1041775       68.8958435      -2.38418579E-07   6.37023756E-03
   429.000000       24.8661613       75.1338272       1.34110451E-07   6.30325638E-03
   430.000000       17.9718609       82.0282516      -1.13248825E-06   6.23657787E-03
   431.000000       11.0503798       88.9495926       2.90572643E-07   6.17020577E-03
   432.000000       5.05516863       94.9447327       9.79751348E-07   6.10412937E-03
   433.000000       1.09613907       98.9037933       6.78002834E-07   6.03835052E-03
   434.000000       4.65743877E-02   99.9534760      -5.29631507E-07   5.97286178E-03
   435.000000       2.12920189       97.8708115      -1.65775418E-07   5.90765942E-03
   436.000000       6.80328894       93.1966934       1.49011612E-07   5.84273878E-03
   437.000000       13.0539551       86.9461975      -1.56462193E-06   5.77809894E-03
   438.000000       19.8303318       80.1697159      -4.61935997E-07   5.71373617E-03
   439.000000       26.3366222       73.6634750      -9.53674316E-07   5.64964628E-03
   440.000000       32.1010208       67.8989487       3.27825546E-07   5.58582181E-03
   441.000000       36.9084816       63.0916405      -1.22189522E-06   5.52226650E-03
   442.000000       40.7042122       59.2957802       8.94069672E-08   5.45897149E-03
   443.000000       43.5122757       56.4877701      -4.47034836E-07   5.39593631E-03
   444.000000       45.3836098       54.6164398      -4.76837158E-07   5.33315446E-03
   445.000000       46.3672905       53.6326714       3.87430191E-07   5.27062779E-03
   446.000000       46.4960976       53.5039368      -3.57627869E-07   5.20834886E-03
   447.000000       45.7808342       54.2192001      -3.27825546E-07   5.14631532E-03
   448.000000       44.2100334       55.7900429      -7.74860382E-07   5.08451881E-03
   449.000000       41.7551575       58.2449379      -9.53674316E-07   5.02296444E-03
   450.000000       38.3804741       61.6195679      -4.17232513E-07   4.96164244E-03
   451.000000       34.0656204       65.9344101      -2.98023224E-07   4.90055839E-03
   452.000000       28.8393917       71.1606369      -2.98023224E-07   4.83969599E-03
   453.000000       22.8394413       77.1605530       2.98023224E-08   4.77906130E-03
   454.000000       16.3834763       83.6165237      -1.49011612E-08   4.71864734E-03
   455.000000       10.0361233       89.9640884      -2.15321779E-06   4.65845130E-03
   456.000000       4.60992479       95.3900299       4.73111868E-07   4.59846528E-03
   457.000000       1.02842164       98.9715195       5.65312803E-07   4.53869672E-03
   458.000000       3.20096575E-02   99.9679947      -1.96450856E-08   4.47913399E-03
   459.000000       1.86459827       98.1355438      -1.41188502E-06   4.41977335E-03
   460.000000       6.15521145       93.8448334      -4.84287739E-07   4.36061248E-03
   461.000000       12.0945883       87.9054413      -3.12924385E-07   4.30164905E-03
   462.000000       18.7652359       81.2348480      -8.34465027E-07   4.24287748E-03
   463.000000       25.4062023       74.5938416      -4.47034836E-07   4.18429356E-03
   464.000000       31.5155621       68.4843903       4.76837158E-07   4.12589591E-03
   465.000000       36.8302917       63.1697044       2.98023224E-08   4.06767800E-03
   466.000000       41.2531166       58.7468452       3.87430191E-07   4.00963705E-03
   467.000000       44.7820511       55.2180405      -9.23871994E-07   3.95176932E-03
   468.000000       47.4588127       52.5411835       2.98023224E-08   3.89406737E-03
   469.000000       49.3360939       50.6639557      -4.76837158E-07   3.83653166E-03
   470.000000       50.4603195       49.5396805      -2.98023224E-08   3.77915381E-03
   471.000000       50.8617401       49.1383171      -5.66244125E-07   3.72192799E-03
   472.000000       50.5505486       49.4495049      -5.66244125E-07   3.66485794E-03
   473.000000       49.5150642       50.4850159      -8.04662704E-07   3.60792479E-03
   474.000000       47.7226791       52.2772598       5.96046448E-07   3.55113670E-03
   475.000000       45.1222763       54.8777885      -6.55651093E-07   3.49448132E-03
   476.000000       41.6525993       58.3475227      -1.22189522E-06   3.43795517E-03
   477.000000       37.2582436       62.7417336       2.38418579E-07   3.38154961E-03
   478.000000       31.9222183       68.0778656      -8.64267349E-07   3.32525978E-03
   479.000000       25.7203732       74.2796326      -8.94069672E-08   3.26908031E-03
   480.000000       18.9037666       81.0962296       1.49011612E-08   3.21300630E-03
   481.000000       11.9931498       88.0067673       7.97212124E-07   3.15702963E-03
   482.000000       5.83221722       94.1676941       9.12696123E-07   3.10113747E-03
   483.000000       1.50092220       98.4991302      -5.34579158E-07   3.04533378E-03
   484.000000       3.12376278E-03   99.9969635      -8.39259883E-07   2.98960344E-03
   485.000000       1.83295929       98.1671448      -1.04494393E-06   2.93393037E-03
   486.000000       6.70412254       93.2959824      -1.02072954E-06   2.87831994E-03
   487.000000       13.6868267       86.3133698      -1.99675560E-06   2.82275653E-03
   488.000000       21.6352100       78.3648453      -5.36441803E-07   2.76722806E-03
   489.000000       29.5796928       70.4204559      -1.49011612E-06   2.71172333E-03
   490.000000       36.8936501       63.1063766      -2.68220901E-07   2.65623443E-03
   491.000000       43.2719841       56.7280426      -2.38418579E-07   2.60074553E-03
   492.000000       48.6278114       51.3722115      -2.38418579E-07   2.54524592E-03
   493.000000       52.9946671       47.0053787      -4.76837158E-07   2.48971954E-03
   494.000000       56.4563637       43.5436859      -5.06639481E-07   2.43415171E-03
   495.000000       59.1070938       40.8929176      -1.19209290E-07   2.37852731E-03
   496.000000       61.0299416       38.9700127       4.76837158E-07   2.32282327E-03
   497.000000       62.2870255       37.7129898      -1.78813934E-07   2.26702471E-03
   498.000000       62.9148293       37.0852432      -7.45058060E-07   2.21110578E-03
   499.000000       62.9213753       37.0786591      -3.27825546E-07   2.15504575E-03
   500.000000       62.2829666       37.7170029       2.98023224E-07   2.09881878E-03
   501.000000       60.9393120       39.0606804       5.96046448E-08   2.04239273E-03
   502.000000       58.7867851       41.2131805       3.27825546E-07   1.98574038E-03
   503.000000       55.6691360       44.3308907      -2.38418579E-07   1.92882167E-03
   504.000000       51.3705978       48.6293564       4.76837158E-07   1.87160121E-03
   505.000000       45.6193466       54.3806686      -1.19209290E-07   1.81402673E-03
   506.000000       38.1336136       61.8663254       5.96046448E-07   1.75605435E-03
   507.000000       28.7786865       71.2211304       1.81794167E-06   1.69762236E-03
   508.000000       17.9691486       82.0307465       1.07288361E-06   1.63866871E-03
   509.000000       7.40186405       92.5981293       7.45058060E-08   1.57911459E-03
   510.000000      0.642447054       99.3577271      -1.71223655E-06   1.51887257E-03
   511.000000       1.87358117       98.1264267      -4.47034836E-08   1.45783101E-03
   512.000000       12.1637993       87.8363647      -1.60187483E-06   1.39587908E-03
   513.000000       27.8008823       72.1991806      -5.96046448E-07   1.33286032E-03
   514.000000       43.7718201       56.2281418       3.87430191E-07   1.26859732E-03
   515.000000       57.2126617       42.7873306       5.96046448E-08   1.20287051E-03
   516.000000       67.5097427       32.4902725      -1.19209290E-07   1.13540050E-03
   517.000000       75.0937042       24.9061546       1.41561031E-06   1.06584188E-03
   518.000000       80.6239700       19.3759613       7.15255737E-07   9.93718277E-04
   519.000000       84.6743469       15.3255825       7.15255737E-07   9.18401813E-04
   520.000000       87.6742096       12.3258066      -1.93715096E-07   8.39007611E-04
   521.000000       89.9273453       10.0726290       2.53319740E-07   7.54217559E-04
   522.000000       91.6450348       8.35497761      -9.68575478E-08   6.61922561E-04
   523.000000       92.9734192       7.02657318       3.72529030E-08   5.58376196E-04
   524.000000       94.0150681       5.98495102      -1.89989805E-07   4.35557624E-04
   525.000000       94.8421326       5.15785980       4.09781933E-08   2.68135715E-04
   526.000000       95.5066452       4.49335575       0.00000000                  NaN
   527.000000       96.0462341       3.95379782      -3.09199095E-07              NaN
   528.000000       96.4885406       3.51144195       1.67638063E-07              NaN
   529.000000       96.8543625       3.14564490      -3.72529030E-08              NaN
   530.000000       97.1592789       2.84077859      -5.69969416E-07              NaN
   531.000000       97.4150238       2.58495903       1.69500709E-07              NaN
   532.000000       97.6309891       2.36898828       2.21654773E-07              NaN
   533.000000       97.8143005       2.18570065       1.67638063E-08              NaN
   534.000000       97.9705658       2.02945304      -1.62050128E-07              NaN
   535.000000       98.1041641       1.89580047       3.25962901E-07              NaN
   536.000000       98.2188263       1.78116667       4.84287739E-08              NaN
   537.000000       98.3173370       1.68268228      -1.93715096E-07              NaN
   538.000000       98.4020081       1.59802067      -3.20374966E-07              NaN
   539.000000       98.4747009       1.52528393       1.67638063E-07              NaN
   540.000000       98.5370636       1.46293199       4.37721610E-08              NaN
   541.000000       98.5903473       1.40968978      -3.39932740E-07              NaN
   542.000000       98.6354828       1.36452794      -1.07102096E-07              NaN
   543.000000       98.6734543       1.32657170      -2.85916030E-07              NaN
   544.000000       98.7048416       1.29513037       3.08267772E-07              NaN
   545.000000       98.7303772       1.26962125       5.40167093E-08              NaN
   546.000000       98.7504425       1.24958384      -2.60770321E-07              NaN
   547.000000       98.7653809       1.23463643      -1.56462193E-07              NaN
   548.000000       98.7755508       1.22448528      -3.29688191E-07              NaN
   549.000000       98.7810898       1.21890414       4.84287739E-08              NaN
   550.000000       98.7822418       1.21773374       2.48663127E-07              NaN
   551.000000       98.7791138       1.22086823       1.96509063E-07              NaN
   552.000000       98.7717361       1.22825646       1.05239451E-07              NaN
   553.000000       98.7601318       1.23989177      -2.57045031E-07              NaN
   554.000000       98.7441635       1.25582027       1.38767064E-07              NaN
   555.000000       98.7238693       1.27613413      -4.65661287E-08              NaN
   556.000000       98.6990280       1.30097055       2.14204192E-08              NaN
   557.000000       98.6694717       1.33053219      -1.58324838E-08              NaN
   558.000000       98.6349411       1.36504698       1.26659870E-07              NaN
   559.000000       98.5951538       1.40481186       3.38070095E-07              NaN
   560.000000       98.5498428       1.45018077      -2.35624611E-07              NaN
   561.000000       98.4984360       1.50157392      -7.72997737E-08              NaN
   562.000000       98.4405518       1.55947447      -2.62632966E-07              NaN
   563.000000       98.3755569       1.62445033      -9.12696123E-08              NaN
   564.000000       98.3028564       1.69714391       2.98023224E-08              NaN
   565.000000       98.2216339       1.77832282       4.13507223E-07              NaN
   566.000000       98.1311951       1.86883616      -3.39001417E-07              NaN
   567.000000       98.0303574       1.96967590      -3.44589353E-07              NaN
   568.000000       97.9179764       2.08197069       4.93600965E-07              NaN
   569.000000       97.7929688       2.20702767       1.11758709E-08              NaN
   570.000000       97.6536789       2.34631348       5.40167093E-08              NaN
   571.000000       97.4984283       2.50154519       2.58907676E-07              NaN
   572.000000       97.3253174       2.67470098      -2.01165676E-07              NaN
   573.000000       97.1319885       2.86797404       3.46451998E-07              NaN
   574.000000       96.9159851       3.08400011       1.58324838E-07              NaN
   575.000000       96.6742554       3.32573247       1.60187483E-07              NaN
   576.000000       96.4034119       3.59660125      -1.52736902E-07              NaN
   577.000000       96.0994873       3.90054631      -3.61353159E-07              NaN
   578.000000       95.7578125       4.24213982       4.80562449E-07              NaN
   579.000000       95.3733215       4.62668467      -5.21540642E-08              NaN
   580.000000       94.9398270       5.06018305      -1.11758709E-07              NaN
   581.000000       94.4500504       5.54985046       9.90927219E-07              NaN
   582.000000       93.8963318       6.10369825      -2.75671482E-07              NaN
   583.000000       93.2686615       6.73128462       5.28991222E-07              NaN
   584.000000       92.5565033       7.44349813       1.49011612E-08              NaN
   585.000000       91.7471237       8.25283527       4.17232513E-07              NaN
   586.000000       90.8261185       9.17388153       7.45058060E-09              NaN
   587.000000       89.7765808       10.2233400       7.82310963E-07              NaN
   588.000000       88.5799789       11.4200125       5.21540642E-08              NaN
   589.000000       87.2143250       12.7856302       4.32133675E-07              NaN
   590.000000       85.6557083       14.3442478       4.47034836E-07              NaN
   591.000000       83.8770142       16.1229706       1.34110451E-07              NaN
   592.000000       81.8490448       18.1509533       2.98023224E-08              NaN
   593.000000       79.5403748       20.4596291      -7.45058060E-08              NaN
   594.000000       76.9182968       23.0817032      -1.49011612E-08   1.72441651E-04
   595.000000       73.9514618       26.0485344       0.00000000       3.47046327E-04
   596.000000       70.6099625       29.3900661      -2.98023224E-07   4.61690681E-04
   597.000000       66.8704834       33.1294060       1.07288361E-06   5.54850732E-04
   598.000000       62.7203407       37.2797432      -8.34465027E-07   6.36019977E-04
   599.000000       58.1610031       41.8390236      -2.68220901E-07   7.09309825E-04
   600.000000       53.2150497       46.7850151      -6.55651093E-07   7.76945613E-04
   601.000000       47.9312325       52.0687103       5.66244125E-07   8.40279565E-04
   602.000000       42.3880959       57.6119308      -2.68220901E-07   9.00208892E-04
   603.000000       36.6949043       63.3050995      -2.98023224E-08   9.57362587E-04
   604.000000       30.9883022       69.0118408      -1.46031380E-06   1.01220794E-03
   605.000000       25.4251900       74.5747833       2.38418579E-07   1.06508203E-03
   606.000000       20.1679668       79.8319702       6.40749931E-07   1.11626065E-03
   607.000000       15.3685513       84.6314774      -2.98023224E-07   1.16595859E-03
   608.000000       11.1525974       88.8475113      -1.09523535E-06   1.21435476E-03
   609.000000       7.60829306       92.3918228      -1.17719173E-06   1.26158551E-03
   610.000000       4.77750063       95.2225266      -2.71946192E-07   1.30777468E-03
   611.000000       2.65761995       97.3424072      -2.77534127E-07   1.35301903E-03
   612.000000       1.20703661       98.7930222      -6.04428351E-07   1.39740738E-03
   613.000000      0.355809331       99.6441650       2.44472176E-07   1.44100655E-03
   614.000000       1.62335318E-02   99.9837723      -9.14733391E-08   1.48388778E-03
   615.000000       9.38312411E-02   99.9061737      -1.60653144E-08   1.52609858E-03
   616.000000      0.495397806       99.5046234      -1.76485628E-07   1.56769424E-03
   617.000000       1.13478923       98.8652802      -6.58445060E-07   1.60871574E-03
   618.000000       1.93611240       98.0638657       2.53319740E-07   1.64919812E-03
   619.000000       2.83520269       97.1647873       1.13621354E-07   1.68917724E-03
   620.000000       3.77948165       96.2205200      -4.84287739E-08   1.72868359E-03
   621.000000       4.72707129       95.2730789      -1.48639083E-06   1.76774373E-03
   622.000000       5.64552546       94.3546219      -1.49011612E-06   1.80637825E-03
   623.000000       6.51058340       93.4894943      -7.52508640E-07   1.84461661E-03
   624.000000       7.30425215       92.6958618      -1.13993883E-06   1.88247347E-03
   625.000000       8.01411247       91.9858856       0.00000000       1.91997061E-03
   626.000000       8.63175488       91.3681946       5.28991222E-07   1.95712340E-03
   627.000000       9.15218735       90.8477631       5.21540642E-07   1.99394976E-03
   628.000000       9.57285404       90.4273224      -1.75088644E-06   2.03045900E-03
   629.000000       9.89325237       90.1067886      -3.79979610E-07   2.06666463E-03
   630.000000       10.1144571       89.8855133       2.75671482E-07   2.10258458E-03
   631.000000       10.2386589       89.7611542       1.85519457E-06   2.13822420E-03
   632.000000       10.2690516       89.7309036       4.76837158E-07   2.17359746E-03
   633.000000       10.2095861       89.7904205      -8.19563866E-08   2.20871367E-03
   634.000000       10.0648785       89.9350891       3.35276127E-07   2.24357657E-03
   635.000000       9.84014416       90.1598740      -1.93715096E-07   2.27819989E-03
   636.000000       9.54107189       90.4588699       5.81145287E-07   2.31259083E-03
   637.000000       9.17388725       90.8261032       6.70552254E-08   2.34675780E-03
   638.000000       8.74533176       91.2545776       9.38773155E-07   2.38070264E-03
   639.000000       8.26254749       91.7374878      -3.20374966E-07   2.41443655E-03
   640.000000       7.73314142       92.2667847       7.22706318E-07   2.44796509E-03
   641.000000       7.16522932       92.8347321       3.57627869E-07   2.48129247E-03
   642.000000       6.56731367       93.4326935      -8.19563866E-08   2.51442217E-03
   643.000000       5.94816589       94.0518036       3.20374966E-07   2.54736305E-03
   644.000000       5.31692123       94.6831970      -1.21444464E-06   2.58012139E-03
   645.000000       4.68303442       95.3169250       3.68803740E-07   2.61269673E-03
   646.000000       4.05599642       95.9438553       1.47148967E-06   2.64509395E-03
   647.000000       3.44520879       96.5547791       1.11758709E-07   2.67732120E-03
   648.000000       2.86002946       97.1400528      -8.53091478E-07   2.70938035E-03
   649.000000       2.30952549       97.6906128      -1.37649477E-06   2.74127442E-03
   650.000000       1.80225742       98.1977844      -4.54485416E-07   2.77300528E-03
   651.000000       1.34602070       98.6540146      -3.45520675E-07   2.80458154E-03
   652.000000      0.947942197       99.0522308      -1.74716115E-06   2.83600390E-03
   653.000000      0.614132285       99.3858643       4.19095159E-08   2.86726980E-03
   654.000000      0.349437982       99.6506882      -1.24960206E-06   2.89838901E-03
   655.000000      0.157524899       99.8424377       3.40165570E-07   2.92936619E-03
   656.000000       4.07620184E-02   99.9591675       7.31233740E-07   2.96019693E-03
   657.000000       4.94861815E-05   99.9998550       9.35649666E-07   2.99088564E-03
   658.000000       3.49011123E-02   99.9652176      -1.21802441E-06   3.02143837E-03
   659.000000      0.143474653       99.8565521      -2.41561793E-07   3.05185630E-03
   660.000000      0.322599590       99.6773834       1.65076926E-07   3.08213849E-03
   661.000000      0.567930043       99.4320068       6.64498657E-07   3.11228936E-03
   662.000000      0.874095798       99.1259003       6.33299351E-08   3.14231426E-03
   663.000000       1.23474872       98.7651672       8.06525350E-07   3.17221018E-03
   664.000000       1.64289665       98.3571243      -1.97440386E-07   3.20198224E-03
   665.000000       2.09087253       97.9091339      -7.26431608E-08   3.23162554E-03
   666.000000       2.57088852       97.4292145      -1.04494393E-06   3.26115196E-03
   667.000000       3.07477665       96.9253845      -1.60560012E-06   3.29055986E-03
   668.000000       3.59437847       96.4056168       2.23517418E-08   3.31984856E-03
   669.000000       4.12165976       95.8783493      -1.04308128E-07   3.34901968E-03
   670.000000       4.64886856       95.3511734      -4.02331352E-07   3.37807671E-03
   671.000000       5.16861629       94.8315125      -1.30757689E-06   3.40702059E-03
   672.000000       5.67386341       94.3262482      -1.15111470E-06   3.43585177E-03
   673.000000       6.15821218       93.8418655      -8.08387995E-07   3.46457562E-03
   674.000000       6.61560917       93.3843460       4.76837158E-07   3.49318585E-03
   675.000000       7.04087305       92.9590530       7.45058060E-07   3.52169364E-03
   676.000000       7.42913246       92.5708923      -2.75671482E-07   3.55009199E-03
   677.000000       7.77629709       92.2236023       1.00582838E-06   3.57838650E-03
   678.000000       8.07884312       91.9212646      -1.07288361E-06   3.60657694E-03
   679.000000       8.33383560       91.6662369      -7.52508640E-07   3.63466539E-03
   680.000000       8.53890419       91.4611740      -7.97212124E-07   3.66264977E-03
   681.000000       8.69231796       91.3077164      -3.57627869E-07   3.69053800E-03
   682.000000       8.79282951       91.2071609       5.96046448E-08   3.71832494E-03
   683.000000       8.83977318       91.1601715       5.43892384E-07   3.74601409E-03
   684.000000       8.83301544       91.1669464       3.50177288E-07   3.77360638E-03
   685.000000       8.77292919       91.2270889      -1.93715096E-07   3.80110228E-03
   686.000000       8.66039276       91.3396683      -6.40749931E-07   3.82850505E-03
   687.000000       8.49679375       91.5032272      -2.08616257E-07   3.85581143E-03
   688.000000       8.28398228       91.7158966       1.21444464E-06   3.88302817E-03
   689.000000       8.02436161       91.9755859       5.06639481E-07   3.91015131E-03
   690.000000       7.72077274       92.2793427      -1.11758709E-06   3.93718248E-03
   691.000000       7.37650919       92.6234665       2.45869160E-07   3.96412332E-03
   692.000000       6.99536276       93.0045471       8.86619091E-07   3.99097661E-03
   693.000000       6.58160305       93.4182968       1.02818012E-06   4.01774002E-03
   694.000000       6.13985491       93.8599548       1.86264515E-06   4.04441636E-03
   695.000000       5.67522955       94.3247147       5.66244125E-07   4.07100515E-03
   696.000000       5.19318056       94.8067551       6.48200512E-07   4.09750827E-03
   697.000000       4.69949532       95.3006668      -1.63912773E-06   4.12392616E-03
   698.000000       4.20022583       95.7997284       4.80562449E-07   4.15026164E-03
   699.000000       3.70175719       96.2982407       1.11758709E-08   4.17651189E-03
   700.000000       3.21046066       96.7894592       8.38190317E-07   4.20268113E-03
   701.000000       2.73296404       97.2671509      -1.14925206E-06   4.22876561E-03
   702.000000       2.27573180       97.7243576      -9.20146704E-07   4.25476814E-03
   703.000000       1.84510887       98.1550293      -1.36531889E-06   4.28069197E-03
   704.000000       1.44726527       98.5529022      -1.65868551E-06   4.30653710E-03
   705.000000       1.08808863       98.9119720      -5.95115125E-07   4.33229888E-03
   706.000000      0.772875667       99.2271423      -1.80210918E-07   4.35798382E-03
   707.000000      0.506437778       99.4935150       4.67058271E-07   4.38359194E-03
   708.000000      0.292980671       99.7070923      -7.15255737E-07   4.40912042E-03
   709.000000      0.135880485       99.8639832       1.37311872E-06   4.43457346E-03
   710.000000       3.77618633E-02   99.9621811       5.72821591E-07   4.45994968E-03
   711.000000       3.62609135E-04   99.9997940      -1.59953356E-06   4.48524999E-03
   712.000000       2.45205015E-02   99.9755630      -8.25966708E-07   4.51047719E-03
   713.000000      0.110166892       99.8898315       3.72529030E-09   4.53563035E-03
   714.000000      0.256315559       99.7438583      -1.70571730E-06   4.56070853E-03
   715.000000      0.461115927       99.5390930      -2.11084262E-06   4.58571268E-03
   716.000000      0.721922696       99.2781067      -3.29688191E-07   4.61064698E-03
   717.000000       1.03524137       98.9648438      -8.75443220E-07   4.63550491E-03
   718.000000       1.39708698       98.6029358      -2.56113708E-07   4.66029486E-03
   719.000000       1.80271840       98.1973267      -4.15369868E-07   4.68501216E-03
   720.000000       2.24708271       97.7530746      -1.54599547E-06   4.70966147E-03
   721.000000       2.72459698       97.2755127      -1.10268593E-06   4.73423861E-03
   722.000000       3.22959042       96.7704468      -3.79979610E-07   4.75874729E-03
   723.000000       3.75614715       96.2439804      -1.30757689E-06   4.78318799E-03
   724.000000       4.29829788       95.7017441      -4.02331352E-07   4.80755977E-03
   725.000000       4.85008144       95.1499405      -2.16066837E-07   4.83186217E-03
   726.000000       5.40579748       94.5942307      -2.57045031E-07   4.85610077E-03
   727.000000       5.95966625       94.0404053      -7.18981028E-07   4.88026952E-03
   728.000000       6.50636721       93.4936752      -4.32133675E-07   4.90437122E-03
   729.000000       7.04084778       92.9592285      -7.30156898E-07   4.92841052E-03
   730.000000       7.55818987       92.4419022      -9.46223736E-07   4.95238137E-03
   731.000000       8.05407715       91.9459381      -1.11758709E-07   4.97629121E-03
   732.000000       8.52429962       91.4757004      -7.45058060E-09   5.00013353E-03
   733.000000       8.96519947       91.0349579      -1.60187483E-06   5.02391346E-03
   734.000000       9.37345314       90.6265106       3.27825546E-07   5.04763005E-03
   735.000000       9.74606609       90.2538147       1.22189522E-06   5.07128472E-03
   736.000000       10.0803919       89.9197922      -1.85519457E-06   5.09487372E-03
   737.000000       10.3743000       89.6258469      -1.47521496E-06   5.11840405E-03
   738.000000       10.6258068       89.3742752      -8.12113285E-07   5.14186965E-03
   739.000000       10.8334484       89.1666794      -1.25169754E-06   5.16527751E-03
   740.000000       10.9959297       89.0040665       6.70552254E-08   5.18861879E-03
   741.000000       11.1124268       88.8876343      -5.88595867E-07   5.21190325E-03
   742.000000       11.1823158       88.8177490      -6.70552254E-07   5.23512950E-03
   743.000000       11.2053089       88.7947464      -5.28991222E-07   5.25829429E-03
   744.000000       11.1814251       88.8185883      -1.71363354E-07   5.28139900E-03
   745.000000       11.1109629       88.8891449      -1.08778477E-06   5.30444738E-03
   746.000000       10.9945068       89.0055084      -1.86264515E-07   5.32743568E-03
   747.000000       10.8329124       89.1672211      -1.31875277E-06   5.35036856E-03
   748.000000       10.6273556       89.3726959      -4.99188900E-07   5.37324371E-03
   749.000000       10.3793173       89.6206818      -2.98023224E-08   5.39605925E-03
   750.000000       10.0904598       89.9095917      -4.91738319E-07   5.41882031E-03
   751.000000       9.76288700       90.2372742      -1.58697367E-06   5.44152502E-03
   752.000000       9.39887428       90.6011810      -5.58793545E-07   5.46417385E-03
   753.000000       9.00106812       90.9988937       3.79979610E-07   5.48676681E-03
   754.000000       8.57241821       91.4275818      -7.45058060E-09   5.50930342E-03
   755.000000       8.11610699       91.8838959      -4.47034836E-08   5.53178741E-03
   756.000000       7.63569450       92.3643494      -4.76837158E-07   5.55421505E-03
   757.000000       7.13493252       92.8652496      -1.84774399E-06   5.57659147E-03
   758.000000       6.61794710       93.3821640      -1.08778477E-06   5.59891434E-03
   759.000000       6.08918333       93.9107208       9.27597284E-07   5.62118040E-03
   760.000000       5.55307484       94.4470062      -7.97212124E-07   5.64339710E-03
   761.000000       5.01451540       94.9856110      -1.25542283E-06   5.66556118E-03
   762.000000       4.47852707       95.5214844      -1.30385160E-07   5.68767218E-03
   763.000000       3.95019722       96.0498047      -7.45058060E-09   5.70973149E-03
   764.000000       3.43475389       96.5652313       1.75088644E-07   5.73173957E-03
   765.000000       2.93743277       97.0625229       4.50760126E-07   5.75369829E-03
   766.000000       2.46350479       97.5364990      -2.98023224E-08   5.77560533E-03
   767.000000       2.01809525       97.9819031      -1.30385160E-08   5.79746207E-03
   768.000000       1.60619950       98.3938599      -6.29574060E-07   5.81926852E-03
   769.000000       1.23253143       98.7675705      -1.04121864E-06   5.84102608E-03
   770.000000      0.901514411       99.0984421       4.16301191E-07   5.86273614E-03
   771.000000      0.617267132       99.3827209       1.04773790E-07   5.88439498E-03
   772.000000      0.383339703       99.6167679      -1.05681829E-06   5.90600818E-03
   773.000000      0.202865332       99.7973175      -1.79745257E-06   5.92757063E-03
   774.000000       7.83521980E-02   99.9215546       9.34756827E-07   5.94908465E-03
   775.000000       1.16892513E-02   99.9883881      -7.82660209E-07   5.97055349E-03
   776.000000       4.15608101E-03   99.9957657       7.58485839E-07   5.99197485E-03
   777.000000       5.63390777E-02   99.9436798      -1.86497346E-07   6.01335010E-03
   778.000000      0.168139085       99.8318558       5.62286004E-08   6.03467738E-03
   779.000000      0.338810652       99.6612396      -5.36208972E-07   6.05596136E-03
   780.000000      0.566901386       99.4331055      -7.59027898E-08   6.07719738E-03
   781.000000      0.850382566       99.1496048       1.48080289E-07   6.09838916E-03
   782.000000       1.18662620       98.8133926      -1.69500709E-07   6.11953670E-03
   783.000000       1.57247019       98.4275513      -2.21654773E-07   6.14063907E-03
   784.000000       2.00428128       97.9959106      -1.94273889E-06   6.16169767E-03
   785.000000       2.47804785       97.5219116       3.91155481E-07   6.18271204E-03
   786.000000       2.98941541       97.0105133       6.74277544E-07   6.20368356E-03
   787.000000       3.53372025       96.4664459      -1.66147947E-06   6.22461038E-03
   788.000000       4.10622597       95.8937607       1.52736902E-07   6.24549529E-03
   789.000000       4.70195675       95.2980194       2.71946192E-07   6.26633642E-03
   790.000000       5.31602669       94.6839752      -1.49011612E-08   6.28713705E-03
   791.000000       5.94339132       94.0565338       7.37607479E-07   6.30789390E-03
   792.000000       6.57928801       93.4207230      -1.41561031E-07   6.32861210E-03
   793.000000       7.21882439       92.7813110      -1.35600567E-06   6.34928700E-03
   794.000000       7.85748196       92.1426239      -1.05798244E-06   6.36992371E-03
   795.000000       8.49077511       91.5093384      -1.11013651E-06   6.39051991E-03
   796.000000       9.11435604       90.8855286       1.12503767E-06   6.41107187E-03
   797.000000       9.72446156       90.2756119      -7.67409801E-07   6.43158657E-03
   798.000000       10.3172932       89.6827469      -3.94880772E-07   6.45206263E-03
   799.000000       10.8893776       89.1106644      -4.39584255E-07   6.47249958E-03
   800.000000       11.4374323       88.5625000       6.70552254E-07   6.49289647E-03
