  0.25000E+04
  0.10421E+01
  0.10516E+01
  0.10676E+01
  0.10906E+01
  0.11212E+01
  0.11600E+01
  0.12081E+01
  0.12668E+01
  0.13377E+01
  0.14228E+01
  0.15247E+01
  0.16464E+01
  0.17917E+01
  0.19652E+01
  0.21720E+01
  0.24183E+01
  0.27098E+01
  0.30518E+01
  0.34459E+01
  0.38872E+01
  0.43586E+01
  0.48251E+01
  0.52328E+01
  0.55160E+01
  0.56180E+01
  0.55160E+01
  0.52328E+01
  0.48251E+01
  0.43586E+01
  0.38872E+01
  0.34459E+01
  0.30518E+01
  0.27098E+01
  0.24183E+01
  0.21720E+01
  0.19652E+01
  0.17917E+01
  0.16464E+01
  0.15247E+01
  0.14228E+01
  0.13377E+01
  0.12668E+01
  0.12081E+01
  0.11600E+01
  0.11212E+01
  0.10906E+01
  0.10676E+01
  0.10516E+01
  0.10421E+01
  0.10390E+01
  0.10516E+01
  0.10610E+01
  0.10769E+01
  0.10997E+01
  0.11300E+01
  0.11684E+01
  0.12160E+01
  0.12739E+01
  0.13438E+01
  0.14275E+01
  0.15274E+01
  0.16464E+01
  0.17880E+01
  0.19562E+01
  0.21559E+01
  0.23920E+01
  0.26696E+01
  0.29923E+01
  0.33607E+01
  0.37685E+01
  0.41988E+01
  0.46194E+01
  0.49828E+01
  0.52328E+01
  0.53224E+01
  0.52328E+01
  0.49828E+01
  0.46194E+01
  0.41988E+01
  0.37685E+01
  0.33607E+01
  0.29923E+01
  0.26696E+01
  0.23920E+01
  0.21559E+01
  0.19562E+01
  0.17880E+01
  0.16464E+01
  0.15274E+01
  0.14275E+01
  0.13438E+01
  0.12739E+01
  0.12160E+01
  0.11684E+01
  0.11300E+01
  0.10997E+01
  0.10769E+01
  0.10610E+01
  0.10516E+01
  0.10485E+01
  0.10676E+01
  0.10769E+01
  0.10926E+01
  0.11151E+01
  0.11448E+01
  0.11826E+01
  0.12292E+01
  0.12859E+01
  0.13540E+01
  0.14353E+01
  0.15320E+01
  0.16465E+01
  0.17820E+01
  0.19418E+01
  0.21298E+01
  0.23501E+01
  0.26060E+01
  0.28995E+01
  0.32293E+01
  0.35881E+01
  0.39598E+01
  0.43165E+01
  0.46194E+01
  0.48251E+01
  0.48983E+01
  0.48251E+01
  0.46194E+01
  0.43165E+01
  0.39598E+01
  0.35881E+01
  0.32293E+01
  0.28995E+01
  0.26060E+01
  0.23501E+01
  0.21298E+01
  0.19418E+01
  0.17820E+01
  0.16465E+01
  0.15320E+01
  0.14353E+01
  0.13540E+01
  0.12859E+01
  0.12292E+01
  0.11826E+01
  0.11448E+01
  0.11151E+01
  0.10926E+01
  0.10769E+01
  0.10676E+01
  0.10646E+01
  0.10906E+01
  0.10997E+01
  0.11151E+01
  0.11370E+01
  0.11661E+01
  0.12028E+01
  0.12480E+01
  0.13028E+01
  0.13684E+01
  0.14464E+01
  0.15385E+01
  0.16468E+01
  0.17739E+01
  0.19225E+01
  0.20953E+01
  0.22950E+01
  0.25235E+01
  0.27810E+01
  0.30647E+01
  0.33669E+01
  0.36728E+01
  0.39598E+01
  0.41988E+01
  0.43586E+01
  0.44149E+01
  0.43586E+01
  0.41988E+01
  0.39598E+01
  0.36728E+01
  0.33669E+01
  0.30647E+01
  0.27810E+01
  0.25235E+01
  0.22950E+01
  0.20953E+01
  0.19225E+01
  0.17739E+01
  0.16468E+01
  0.15385E+01
  0.14464E+01
  0.13684E+01
  0.13028E+01
  0.12480E+01
  0.12028E+01
  0.11661E+01
  0.11370E+01
  0.11151E+01
  0.10997E+01
  0.10906E+01
  0.10876E+01
  0.11212E+01
  0.11300E+01
  0.11448E+01
  0.11661E+01
  0.11940E+01
  0.12294E+01
  0.12727E+01
  0.13250E+01
  0.13872E+01
  0.14607E+01
  0.15469E+01
  0.16475E+01
  0.17642E+01
  0.18991E+01
  0.20538E+01
  0.22297E+01
  0.24274E+01
  0.26458E+01
  0.28809E+01
  0.31254E+01
  0.33669E+01
  0.35881E+01
  0.37685E+01
  0.38872E+01
  0.39288E+01
  0.38872E+01
  0.37685E+01
  0.35881E+01
  0.33669E+01
  0.31254E+01
  0.28809E+01
  0.26458E+01
  0.24274E+01
  0.22297E+01
  0.20538E+01
  0.18991E+01
  0.17642E+01
  0.16475E+01
  0.15469E+01
  0.14607E+01
  0.13872E+01
  0.13250E+01
  0.12727E+01
  0.12294E+01
  0.11940E+01
  0.11661E+01
  0.11448E+01
  0.11300E+01
  0.11212E+01
  0.11183E+01
  0.11600E+01
  0.11684E+01
  0.11826E+01
  0.12028E+01
  0.12294E+01
  0.12628E+01
  0.13036E+01
  0.13526E+01
  0.14106E+01
  0.14785E+01
  0.15575E+01
  0.16487E+01
  0.17533E+01
  0.18725E+01
  0.20071E+01
  0.21575E+01
  0.23231E+01
  0.25020E+01
  0.26902E+01
  0.28809E+01
  0.30647E+01
  0.32293E+01
  0.33607E+01
  0.34459E+01
  0.34755E+01
  0.34459E+01
  0.33607E+01
  0.32293E+01
  0.30647E+01
  0.28809E+01
  0.26902E+01
  0.25020E+01
  0.23231E+01
  0.21575E+01
  0.20071E+01
  0.18725E+01
  0.17533E+01
  0.16487E+01
  0.15575E+01
  0.14785E+01
  0.14106E+01
  0.13526E+01
  0.13036E+01
  0.12628E+01
  0.12294E+01
  0.12028E+01
  0.11826E+01
  0.11684E+01
  0.11600E+01
  0.11572E+01
  0.12081E+01
  0.12160E+01
  0.12292E+01
  0.12480E+01
  0.12727E+01
  0.13036E+01
  0.13412E+01
  0.13860E+01
  0.14387E+01
  0.14998E+01
  0.15702E+01
  0.16506E+01
  0.17416E+01
  0.18437E+01
  0.19570E+01
  0.20812E+01
  0.22152E+01
  0.23567E+01
  0.25020E+01
  0.26458E+01
  0.27810E+01
  0.28995E+01
  0.29923E+01
  0.30518E+01
  0.30723E+01
  0.30518E+01
  0.29923E+01
  0.28995E+01
  0.27810E+01
  0.26458E+01
  0.25020E+01
  0.23567E+01
  0.22152E+01
  0.20812E+01
  0.19570E+01
  0.18436E+01
  0.17416E+01
  0.16506E+01
  0.15702E+01
  0.14998E+01
  0.14387E+01
  0.13860E+01
  0.13412E+01
  0.13036E+01
  0.12727E+01
  0.12480E+01
  0.12292E+01
  0.12160E+01
  0.12081E+01
  0.12055E+01
  0.12668E+01
  0.12739E+01
  0.12859E+01
  0.13028E+01
  0.13250E+01
  0.13526E+01
  0.13860E+01
  0.14256E+01
  0.14717E+01
  0.15248E+01
  0.15852E+01
  0.16534E+01
  0.17295E+01
  0.18135E+01
  0.19051E+01
  0.20037E+01
  0.21077E+01
  0.22152E+01
  0.23231E+01
  0.24274E+01
  0.25235E+01
  0.26060E+01
  0.26696E+01
  0.27098E+01
  0.27236E+01
  0.27098E+01
  0.26696E+01
  0.26060E+01
  0.25235E+01
  0.24274E+01
  0.23231E+01
  0.22152E+01
  0.21077E+01
  0.20037E+01
  0.19051E+01
  0.18135E+01
  0.17295E+01
  0.16534E+01
  0.15852E+01
  0.15248E+01
  0.14717E+01
  0.14256E+01
  0.13860E+01
  0.13526E+01
  0.13250E+01
  0.13028E+01
  0.12859E+01
  0.12739E+01
  0.12668E+01
  0.12645E+01
  0.13377E+01
  0.13438E+01
  0.13540E+01
  0.13684E+01
  0.13872E+01
  0.14106E+01
  0.14387E+01
  0.14717E+01
  0.15099E+01
  0.15535E+01
  0.16026E+01
  0.16572E+01
  0.17174E+01
  0.17828E+01
  0.18530E+01
  0.19270E+01
  0.20037E+01
  0.20812E+01
  0.21575E+01
  0.22297E+01
  0.22950E+01
  0.23501E+01
  0.23920E+01
  0.24183E+01
  0.24272E+01
  0.24183E+01
  0.23920E+01
  0.23501E+01
  0.22950E+01
  0.22297E+01
  0.21575E+01
  0.20812E+01
  0.20037E+01
  0.19270E+01
  0.18530E+01
  0.17828E+01
  0.17174E+01
  0.16572E+01
  0.16026E+01
  0.15535E+01
  0.15099E+01
  0.14717E+01
  0.14387E+01
  0.14106E+01
  0.13872E+01
  0.13684E+01
  0.13540E+01
  0.13438E+01
  0.13377E+01
  0.13357E+01
  0.14228E+01
  0.14275E+01
  0.14353E+01
  0.14464E+01
  0.14607E+01
  0.14785E+01
  0.14998E+01
  0.15248E+01
  0.15535E+01
  0.15860E+01
  0.16223E+01
  0.16623E+01
  0.17058E+01
  0.17524E+01
  0.18017E+01
  0.18530E+01
  0.19051E+01
  0.19570E+01
  0.20071E+01
  0.20538E+01
  0.20953E+01
  0.21298E+01
  0.21559E+01
  0.21720E+01
  0.21775E+01
  0.21720E+01
  0.21559E+01
  0.21298E+01
  0.20953E+01
  0.20538E+01
  0.20071E+01
  0.19570E+01
  0.19051E+01
  0.18530E+01
  0.18017E+01
  0.17524E+01
  0.17058E+01
  0.16623E+01
  0.16223E+01
  0.15860E+01
  0.15535E+01
  0.15248E+01
  0.14998E+01
  0.14785E+01
  0.14607E+01
  0.14464E+01
  0.14353E+01
  0.14275E+01
  0.14228E+01
  0.14213E+01
  0.15247E+01
  0.15274E+01
  0.15320E+01
  0.15385E+01
  0.15469E+01
  0.15575E+01
  0.15702E+01
  0.15852E+01
  0.16026E+01
  0.16223E+01
  0.16443E+01
  0.16685E+01
  0.16948E+01
  0.17229E+01
  0.17524E+01
  0.17828E+01
  0.18135E+01
  0.18437E+01
  0.18725E+01
  0.18991E+01
  0.19225E+01
  0.19418E+01
  0.19562E+01
  0.19652E+01
  0.19682E+01
  0.19652E+01
  0.19562E+01
  0.19418E+01
  0.19225E+01
  0.18991E+01
  0.18725E+01
  0.18437E+01
  0.18135E+01
  0.17828E+01
  0.17524E+01
  0.17229E+01
  0.16948E+01
  0.16685E+01
  0.16443E+01
  0.16223E+01
  0.16026E+01
  0.15852E+01
  0.15702E+01
  0.15575E+01
  0.15469E+01
  0.15385E+01
  0.15320E+01
  0.15274E+01
  0.15247E+01
  0.15238E+01
  0.16464E+01
  0.16464E+01
  0.16465E+01
  0.16468E+01
  0.16475E+01
  0.16487E+01
  0.16506E+01
  0.16534E+01
  0.16572E+01
  0.16623E+01
  0.16685E+01
  0.16761E+01
  0.16849E+01
  0.16948E+01
  0.17058E+01
  0.17174E+01
  0.17295E+01
  0.17416E+01
  0.17533E+01
  0.17642E+01
  0.17739E+01
  0.17820E+01
  0.17880E+01
  0.17917E+01
  0.17930E+01
  0.17917E+01
  0.17880E+01
  0.17820E+01
  0.17739E+01
  0.17642E+01
  0.17533E+01
  0.17416E+01
  0.17295E+01
  0.17174E+01
  0.17058E+01
  0.16948E+01
  0.16849E+01
  0.16761E+01
  0.16685E+01
  0.16623E+01
  0.16572E+01
  0.16534E+01
  0.16506E+01
  0.16487E+01
  0.16475E+01
  0.16468E+01
  0.16465E+01
  0.16464E+01
  0.16464E+01
  0.16464E+01
  0.17917E+01
  0.17880E+01
  0.17820E+01
  0.17739E+01
  0.17642E+01
  0.17533E+01
  0.17416E+01
  0.17295E+01
  0.17174E+01
  0.17058E+01
  0.16948E+01
  0.16849E+01
  0.16761E+01
  0.16685E+01
  0.16623E+01
  0.16572E+01
  0.16534E+01
  0.16506E+01
  0.16487E+01
  0.16475E+01
  0.16468E+01
  0.16465E+01
  0.16464E+01
  0.16464E+01
  0.16464E+01
  0.16464E+01
  0.16464E+01
  0.16465E+01
  0.16468E+01
  0.16475E+01
  0.16487E+01
  0.16506E+01
  0.16534E+01
  0.16572E+01
  0.16623E+01
  0.16685E+01
  0.16761E+01
  0.16849E+01
  0.16948E+01
  0.17058E+01
  0.17174E+01
  0.17295E+01
  0.17416E+01
  0.17533E+01
  0.17642E+01
  0.17739E+01
  0.17820E+01
  0.17880E+01
  0.17917E+01
  0.17930E+01
  0.19652E+01
  0.19562E+01
  0.19418E+01
  0.19225E+01
  0.18991E+01
  0.18725E+01
  0.18437E+01
  0.18135E+01
  0.17828E+01
  0.17524E+01
  0.17229E+01
  0.16948E+01
  0.16685E+01
  0.16443E+01
  0.16223E+01
  0.16026E+01
  0.15852E+01
  0.15702E+01
  0.15575E+01
  0.15469E+01
  0.15385E+01
  0.15320E+01
  0.15274E+01
  0.15247E+01
  0.15238E+01
  0.15247E+01
  0.15274E+01
  0.15320E+01
  0.15385E+01
  0.15469E+01
  0.15575E+01
  0.15702E+01
  0.15852E+01
  0.16026E+01
  0.16223E+01
  0.16443E+01
  0.16685E+01
  0.16948E+01
  0.17229E+01
  0.17524E+01
  0.17828E+01
  0.18135E+01
  0.18437E+01
  0.18725E+01
  0.18991E+01
  0.19225E+01
  0.19418E+01
  0.19562E+01
  0.19652E+01
  0.19682E+01
  0.21720E+01
  0.21559E+01
  0.21298E+01
  0.20953E+01
  0.20538E+01
  0.20071E+01
  0.19570E+01
  0.19051E+01
  0.18530E+01
  0.18017E+01
  0.17524E+01
  0.17058E+01
  0.16623E+01
  0.16223E+01
  0.15860E+01
  0.15535E+01
  0.15248E+01
  0.14998E+01
  0.14785E+01
  0.14607E+01
  0.14464E+01
  0.14353E+01
  0.14275E+01
  0.14228E+01
  0.14213E+01
  0.14228E+01
  0.14275E+01
  0.14353E+01
  0.14464E+01
  0.14607E+01
  0.14785E+01
  0.14998E+01
  0.15248E+01
  0.15535E+01
  0.15860E+01
  0.16223E+01
  0.16623E+01
  0.17058E+01
  0.17524E+01
  0.18017E+01
  0.18530E+01
  0.19051E+01
  0.19570E+01
  0.20071E+01
  0.20538E+01
  0.20953E+01
  0.21298E+01
  0.21559E+01
  0.21720E+01
  0.21775E+01
  0.24183E+01
  0.23920E+01
  0.23501E+01
  0.22950E+01
  0.22297E+01
  0.21575E+01
  0.20812E+01
  0.20037E+01
  0.19270E+01
  0.18530E+01
  0.17828E+01
  0.17174E+01
  0.16572E+01
  0.16026E+01
  0.15535E+01
  0.15099E+01
  0.14717E+01
  0.14387E+01
  0.14106E+01
  0.13872E+01
  0.13684E+01
  0.13540E+01
  0.13438E+01
  0.13377E+01
  0.13357E+01
  0.13377E+01
  0.13438E+01
  0.13540E+01
  0.13684E+01
  0.13872E+01
  0.14106E+01
  0.14387E+01
  0.14717E+01
  0.15099E+01
  0.15535E+01
  0.16026E+01
  0.16572E+01
  0.17174E+01
  0.17828E+01
  0.18530E+01
  0.19270E+01
  0.20037E+01
  0.20812E+01
  0.21575E+01
  0.22297E+01
  0.22950E+01
  0.23501E+01
  0.23920E+01
  0.24183E+01
  0.24272E+01
  0.27098E+01
  0.26696E+01
  0.26060E+01
  0.25235E+01
  0.24274E+01
  0.23231E+01
  0.22152E+01
  0.21077E+01
  0.20037E+01
  0.19051E+01
  0.18135E+01
  0.17295E+01
  0.16534E+01
  0.15852E+01
  0.15248E+01
  0.14717E+01
  0.14256E+01
  0.13860E+01
  0.13526E+01
  0.13250E+01
  0.13028E+01
  0.12859E+01
  0.12739E+01
  0.12668E+01
  0.12645E+01
  0.12668E+01
  0.12739E+01
  0.12859E+01
  0.13028E+01
  0.13250E+01
  0.13526E+01
  0.13860E+01
  0.14256E+01
  0.14717E+01
  0.15248E+01
  0.15852E+01
  0.16534E+01
  0.17295E+01
  0.18135E+01
  0.19051E+01
  0.20037E+01
  0.21077E+01
  0.22152E+01
  0.23231E+01
  0.24274E+01
  0.25235E+01
  0.26060E+01
  0.26696E+01
  0.27098E+01
  0.27236E+01
  0.30518E+01
  0.29923E+01
  0.28995E+01
  0.27810E+01
  0.26458E+01
  0.25020E+01
  0.23567E+01
  0.22152E+01
  0.20812E+01
  0.19570E+01
  0.18437E+01
  0.17416E+01
  0.16506E+01
  0.15702E+01
  0.14998E+01
  0.14387E+01
  0.13860E+01
  0.13412E+01
  0.13036E+01
  0.12727E+01
  0.12480E+01
  0.12292E+01
  0.12160E+01
  0.12081E+01
  0.12055E+01
  0.12081E+01
  0.12160E+01
  0.12292E+01
  0.12480E+01
  0.12727E+01
  0.13036E+01
  0.13412E+01
  0.13860E+01
  0.14387E+01
  0.14998E+01
  0.15702E+01
  0.16506E+01
  0.17416E+01
  0.18437E+01
  0.19570E+01
  0.20812E+01
  0.22152E+01
  0.23567E+01
  0.25020E+01
  0.26458E+01
  0.27810E+01
  0.28995E+01
  0.29923E+01
  0.30518E+01
  0.30723E+01
  0.34459E+01
  0.33607E+01
  0.32293E+01
  0.30647E+01
  0.28809E+01
  0.26902E+01
  0.25020E+01
  0.23231E+01
  0.21575E+01
  0.20071E+01
  0.18725E+01
  0.17533E+01
  0.16487E+01
  0.15575E+01
  0.14785E+01
  0.14106E+01
  0.13526E+01
  0.13036E+01
  0.12628E+01
  0.12294E+01
  0.12028E+01
  0.11826E+01
  0.11684E+01
  0.11600E+01
  0.11572E+01
  0.11600E+01
  0.11684E+01
  0.11826E+01
  0.12028E+01
  0.12294E+01
  0.12628E+01
  0.13036E+01
  0.13526E+01
  0.14106E+01
  0.14785E+01
  0.15575E+01
  0.16487E+01
  0.17533E+01
  0.18725E+01
  0.20071E+01
  0.21575E+01
  0.23231E+01
  0.25020E+01
  0.26902E+01
  0.28809E+01
  0.30647E+01
  0.32293E+01
  0.33607E+01
  0.34459E+01
  0.34755E+01
  0.38872E+01
  0.37685E+01
  0.35881E+01
  0.33669E+01
  0.31254E+01
  0.28809E+01
  0.26458E+01
  0.24274E+01
  0.22297E+01
  0.20538E+01
  0.18991E+01
  0.17642E+01
  0.16475E+01
  0.15469E+01
  0.14607E+01
  0.13872E+01
  0.13250E+01
  0.12727E+01
  0.12294E+01
  0.11940E+01
  0.11661E+01
  0.11448E+01
  0.11300E+01
  0.11212E+01
  0.11183E+01
  0.11212E+01
  0.11300E+01
  0.11448E+01
  0.11661E+01
  0.11940E+01
  0.12294E+01
  0.12727E+01
  0.13250E+01
  0.13872E+01
  0.14607E+01
  0.15469E+01
  0.16475E+01
  0.17642E+01
  0.18991E+01
  0.20538E+01
  0.22297E+01
  0.24274E+01
  0.26458E+01
  0.28809E+01
  0.31254E+01
  0.33669E+01
  0.35881E+01
  0.37685E+01
  0.38872E+01
  0.39288E+01
  0.43586E+01
  0.41988E+01
  0.39598E+01
  0.36728E+01
  0.33669E+01
  0.30647E+01
  0.27810E+01
  0.25235E+01
  0.22950E+01
  0.20953E+01
  0.19225E+01
  0.17739E+01
  0.16468E+01
  0.15385E+01
  0.14464E+01
  0.13684E+01
  0.13028E+01
  0.12480E+01
  0.12028E+01
  0.11661E+01
  0.11370E+01
  0.11151E+01
  0.10997E+01
  0.10906E+01
  0.10876E+01
  0.10906E+01
  0.10997E+01
  0.11151E+01
  0.11370E+01
  0.11661E+01
  0.12028E+01
  0.12480E+01
  0.13028E+01
  0.13684E+01
  0.14464E+01
  0.15385E+01
  0.16468E+01
  0.17739E+01
  0.19225E+01
  0.20953E+01
  0.22950E+01
  0.25235E+01
  0.27810E+01
  0.30647E+01
  0.33669E+01
  0.36728E+01
  0.39598E+01
  0.41988E+01
  0.43586E+01
  0.44149E+01
  0.48251E+01
  0.46194E+01
  0.43165E+01
  0.39598E+01
  0.35881E+01
  0.32293E+01
  0.28995E+01
  0.26060E+01
  0.23501E+01
  0.21298E+01
  0.19418E+01
  0.17820E+01
  0.16465E+01
  0.15320E+01
  0.14353E+01
  0.13540E+01
  0.12859E+01
  0.12292E+01
  0.11826E+01
  0.11448E+01
  0.11151E+01
  0.10926E+01
  0.10769E+01
  0.10676E+01
  0.10646E+01
  0.10676E+01
  0.10769E+01
  0.10926E+01
  0.11151E+01
  0.11448E+01
  0.11826E+01
  0.12292E+01
  0.12859E+01
  0.13540E+01
  0.14353E+01
  0.15320E+01
  0.16465E+01
  0.17820E+01
  0.19418E+01
  0.21298E+01
  0.23501E+01
  0.26060E+01
  0.28995E+01
  0.32293E+01
  0.35881E+01
  0.39598E+01
  0.43165E+01
  0.46194E+01
  0.48251E+01
  0.48983E+01
  0.52328E+01
  0.49828E+01
  0.46194E+01
  0.41988E+01
  0.37685E+01
  0.33607E+01
  0.29923E+01
  0.26696E+01
  0.23920E+01
  0.21559E+01
  0.19562E+01
  0.17880E+01
  0.16464E+01
  0.15274E+01
  0.14275E+01
  0.13438E+01
  0.12739E+01
  0.12160E+01
  0.11684E+01
  0.11300E+01
  0.10997E+01
  0.10769E+01
  0.10610E+01
  0.10516E+01
  0.10485E+01
  0.10516E+01
  0.10610E+01
  0.10769E+01
  0.10997E+01
  0.11300E+01
  0.11684E+01
  0.12160E+01
  0.12739E+01
  0.13438E+01
  0.14275E+01
  0.15274E+01
  0.16464E+01
  0.17880E+01
  0.19562E+01
  0.21559E+01
  0.23920E+01
  0.26696E+01
  0.29923E+01
  0.33607E+01
  0.37685E+01
  0.41988E+01
  0.46194E+01
  0.49828E+01
  0.52328E+01
  0.53224E+01
  0.55160E+01
  0.52328E+01
  0.48251E+01
  0.43586E+01
  0.38872E+01
  0.34459E+01
  0.30518E+01
  0.27098E+01
  0.24183E+01
  0.21720E+01
  0.19652E+01
  0.17917E+01
  0.16464E+01
  0.15247E+01
  0.14228E+01
  0.13377E+01
  0.12668E+01
  0.12081E+01
  0.11600E+01
  0.11212E+01
  0.10906E+01
  0.10676E+01
  0.10516E+01
  0.10421E+01
  0.10390E+01
  0.10421E+01
  0.10516E+01
  0.10676E+01
  0.10906E+01
  0.11212E+01
  0.11600E+01
  0.12081E+01
  0.12668E+01
  0.13377E+01
  0.14228E+01
  0.15247E+01
  0.16464E+01
  0.17917E+01
  0.19652E+01
  0.21720E+01
  0.24183E+01
  0.27098E+01
  0.30518E+01
  0.34459E+01
  0.38872E+01
  0.43586E+01
  0.48251E+01
  0.52328E+01
  0.55160E+01
  0.56180E+01
  0.56180E+01
  0.53224E+01
  0.48983E+01
  0.44149E+01
  0.39288E+01
  0.34755E+01
  0.30723E+01
  0.27236E+01
  0.24272E+01
  0.21775E+01
  0.19682E+01
  0.17930E+01
  0.16464E+01
  0.15238E+01
  0.14213E+01
  0.13357E+01
  0.12645E+01
  0.12055E+01
  0.11572E+01
  0.11183E+01
  0.10876E+01
  0.10646E+01
  0.10485E+01
  0.10390E+01
  0.10358E+01
  0.10390E+01
  0.10485E+01
  0.10646E+01
  0.10876E+01
  0.11183E+01
  0.11572E+01
  0.12055E+01
  0.12645E+01
  0.13357E+01
  0.14213E+01
  0.15238E+01
  0.16464E+01
  0.17930E+01
  0.19682E+01
  0.21775E+01
  0.24272E+01
  0.27236E+01
  0.30723E+01
  0.34755E+01
  0.39288E+01
  0.44149E+01
  0.48983E+01
  0.53224E+01
  0.56180E+01
  0.57246E+01
  0.55160E+01
  0.52328E+01
  0.48251E+01
  0.43586E+01
  0.38872E+01
  0.34459E+01
  0.30518E+01
  0.27098E+01
  0.24183E+01
  0.21720E+01
  0.19652E+01
  0.17917E+01
  0.16464E+01
  0.15247E+01
  0.14228E+01
  0.13377E+01
  0.12668E+01
  0.12081E+01
  0.11600E+01
  0.11212E+01
  0.10906E+01
  0.10676E+01
  0.10516E+01
  0.10421E+01
  0.10390E+01
  0.10421E+01
  0.10516E+01
  0.10676E+01
  0.10906E+01
  0.11212E+01
  0.11600E+01
  0.12081E+01
  0.12668E+01
  0.13377E+01
  0.14228E+01
  0.15247E+01
  0.16464E+01
  0.17917E+01
  0.19652E+01
  0.21720E+01
  0.24183E+01
  0.27098E+01
  0.30518E+01
  0.34459E+01
  0.38872E+01
  0.43586E+01
  0.48251E+01
  0.52328E+01
  0.55160E+01
  0.56180E+01
  0.52328E+01
  0.49828E+01
  0.46194E+01
  0.41988E+01
  0.37685E+01
  0.33607E+01
  0.29923E+01
  0.26696E+01
  0.23920E+01
  0.21559E+01
  0.19562E+01
  0.17880E+01
  0.16464E+01
  0.15274E+01
  0.14275E+01
  0.13438E+01
  0.12739E+01
  0.12160E+01
  0.11684E+01
  0.11300E+01
  0.10997E+01
  0.10769E+01
  0.10610E+01
  0.10516E+01
  0.10485E+01
  0.10516E+01
  0.10610E+01
  0.10769E+01
  0.10997E+01
  0.11300E+01
  0.11684E+01
  0.12160E+01
  0.12739E+01
  0.13438E+01
  0.14275E+01
  0.15274E+01
  0.16464E+01
  0.17880E+01
  0.19562E+01
  0.21559E+01
  0.23920E+01
  0.26696E+01
  0.29923E+01
  0.33607E+01
  0.37685E+01
  0.41988E+01
  0.46194E+01
  0.49828E+01
  0.52328E+01
  0.53224E+01
  0.48251E+01
  0.46194E+01
  0.43165E+01
  0.39598E+01
  0.35881E+01
  0.32293E+01
  0.28995E+01
  0.26060E+01
  0.23501E+01
  0.21298E+01
  0.19418E+01
  0.17820E+01
  0.16465E+01
  0.15320E+01
  0.14353E+01
  0.13540E+01
  0.12859E+01
  0.12292E+01
  0.11826E+01
  0.11448E+01
  0.11151E+01
  0.10926E+01
  0.10769E+01
  0.10676E+01
  0.10646E+01
  0.10676E+01
  0.10769E+01
  0.10926E+01
  0.11151E+01
  0.11448E+01
  0.11826E+01
  0.12292E+01
  0.12859E+01
  0.13540E+01
  0.14353E+01
  0.15320E+01
  0.16465E+01
  0.17820E+01
  0.19418E+01
  0.21298E+01
  0.23501E+01
  0.26060E+01
  0.28995E+01
  0.32293E+01
  0.35881E+01
  0.39598E+01
  0.43165E+01
  0.46194E+01
  0.48251E+01
  0.48983E+01
  0.43586E+01
  0.41988E+01
  0.39598E+01
  0.36728E+01
  0.33669E+01
  0.30647E+01
  0.27810E+01
  0.25235E+01
  0.22950E+01
  0.20953E+01
  0.19225E+01
  0.17739E+01
  0.16468E+01
  0.15385E+01
  0.14464E+01
  0.13684E+01
  0.13028E+01
  0.12480E+01
  0.12028E+01
  0.11661E+01
  0.11370E+01
  0.11151E+01
  0.10997E+01
  0.10906E+01
  0.10876E+01
  0.10906E+01
  0.10997E+01
  0.11151E+01
  0.11370E+01
  0.11661E+01
  0.12028E+01
  0.12480E+01
  0.13028E+01
  0.13684E+01
  0.14464E+01
  0.15385E+01
  0.16468E+01
  0.17739E+01
  0.19225E+01
  0.20953E+01
  0.22950E+01
  0.25235E+01
  0.27810E+01
  0.30647E+01
  0.33669E+01
  0.36728E+01
  0.39598E+01
  0.41988E+01
  0.43586E+01
  0.44149E+01
  0.38872E+01
  0.37685E+01
  0.35881E+01
  0.33669E+01
  0.31254E+01
  0.28809E+01
  0.26458E+01
  0.24274E+01
  0.22297E+01
  0.20538E+01
  0.18991E+01
  0.17642E+01
  0.16475E+01
  0.15469E+01
  0.14607E+01
  0.13872E+01
  0.13250E+01
  0.12727E+01
  0.12294E+01
  0.11940E+01
  0.11661E+01
  0.11448E+01
  0.11300E+01
  0.11212E+01
  0.11183E+01
  0.11212E+01
  0.11300E+01
  0.11448E+01
  0.11661E+01
  0.11940E+01
  0.12294E+01
  0.12727E+01
  0.13250E+01
  0.13872E+01
  0.14607E+01
  0.15469E+01
  0.16475E+01
  0.17642E+01
  0.18991E+01
  0.20538E+01
  0.22297E+01
  0.24274E+01
  0.26458E+01
  0.28809E+01
  0.31254E+01
  0.33669E+01
  0.35881E+01
  0.37685E+01
  0.38872E+01
  0.39288E+01
  0.34459E+01
  0.33607E+01
  0.32293E+01
  0.30647E+01
  0.28809E+01
  0.26902E+01
  0.25020E+01
  0.23231E+01
  0.21575E+01
  0.20071E+01
  0.18725E+01
  0.17533E+01
  0.16487E+01
  0.15575E+01
  0.14785E+01
  0.14106E+01
  0.13526E+01
  0.13036E+01
  0.12628E+01
  0.12294E+01
  0.12028E+01
  0.11826E+01
  0.11684E+01
  0.11600E+01
  0.11572E+01
  0.11600E+01
  0.11684E+01
  0.11826E+01
  0.12028E+01
  0.12294E+01
  0.12628E+01
  0.13036E+01
  0.13526E+01
  0.14106E+01
  0.14785E+01
  0.15575E+01
  0.16487E+01
  0.17533E+01
  0.18725E+01
  0.20071E+01
  0.21575E+01
  0.23231E+01
  0.25020E+01
  0.26902E+01
  0.28809E+01
  0.30647E+01
  0.32293E+01
  0.33607E+01
  0.34459E+01
  0.34755E+01
  0.30518E+01
  0.29923E+01
  0.28995E+01
  0.27810E+01
  0.26458E+01
  0.25020E+01
  0.23567E+01
  0.22152E+01
  0.20812E+01
  0.19570E+01
  0.18437E+01
  0.17416E+01
  0.16506E+01
  0.15702E+01
  0.14998E+01
  0.14387E+01
  0.13860E+01
  0.13412E+01
  0.13036E+01
  0.12727E+01
  0.12480E+01
  0.12292E+01
  0.12160E+01
  0.12081E+01
  0.12055E+01
  0.12081E+01
  0.12160E+01
  0.12292E+01
  0.12480E+01
  0.12727E+01
  0.13036E+01
  0.13412E+01
  0.13860E+01
  0.14387E+01
  0.14998E+01
  0.15702E+01
  0.16506E+01
  0.17416E+01
  0.18437E+01
  0.19570E+01
  0.20812E+01
  0.22152E+01
  0.23567E+01
  0.25020E+01
  0.26458E+01
  0.27810E+01
  0.28995E+01
  0.29923E+01
  0.30518E+01
  0.30723E+01
  0.27098E+01
  0.26696E+01
  0.26060E+01
  0.25235E+01
  0.24274E+01
  0.23231E+01
  0.22152E+01
  0.21077E+01
  0.20037E+01
  0.19051E+01
  0.18135E+01
  0.17295E+01
  0.16534E+01
  0.15852E+01
  0.15248E+01
  0.14717E+01
  0.14256E+01
  0.13860E+01
  0.13526E+01
  0.13250E+01
  0.13028E+01
  0.12859E+01
  0.12739E+01
  0.12668E+01
  0.12645E+01
  0.12668E+01
  0.12739E+01
  0.12859E+01
  0.13028E+01
  0.13250E+01
  0.13526E+01
  0.13860E+01
  0.14256E+01
  0.14717E+01
  0.15248E+01
  0.15852E+01
  0.16534E+01
  0.17295E+01
  0.18135E+01
  0.19051E+01
  0.20037E+01
  0.21077E+01
  0.22152E+01
  0.23231E+01
  0.24274E+01
  0.25235E+01
  0.26060E+01
  0.26696E+01
  0.27098E+01
  0.27236E+01
  0.24183E+01
  0.23920E+01
  0.23501E+01
  0.22950E+01
  0.22297E+01
  0.21575E+01
  0.20812E+01
  0.20037E+01
  0.19270E+01
  0.18530E+01
  0.17828E+01
  0.17174E+01
  0.16572E+01
  0.16026E+01
  0.15535E+01
  0.15099E+01
  0.14717E+01
  0.14387E+01
  0.14106E+01
  0.13872E+01
  0.13684E+01
  0.13540E+01
  0.13438E+01
  0.13377E+01
  0.13357E+01
  0.13377E+01
  0.13438E+01
  0.13540E+01
  0.13684E+01
  0.13872E+01
  0.14106E+01
  0.14387E+01
  0.14717E+01
  0.15099E+01
  0.15535E+01
  0.16026E+01
  0.16572E+01
  0.17174E+01
  0.17828E+01
  0.18530E+01
  0.19270E+01
  0.20037E+01
  0.20812E+01
  0.21575E+01
  0.22297E+01
  0.22950E+01
  0.23501E+01
  0.23920E+01
  0.24183E+01
  0.24272E+01
  0.21720E+01
  0.21559E+01
  0.21298E+01
  0.20953E+01
  0.20538E+01
  0.20071E+01
  0.19570E+01
  0.19051E+01
  0.18530E+01
  0.18017E+01
  0.17524E+01
  0.17058E+01
  0.16623E+01
  0.16223E+01
  0.15860E+01
  0.15535E+01
  0.15248E+01
  0.14998E+01
  0.14785E+01
  0.14607E+01
  0.14464E+01
  0.14353E+01
  0.14275E+01
  0.14228E+01
  0.14213E+01
  0.14228E+01
  0.14275E+01
  0.14353E+01
  0.14464E+01
  0.14607E+01
  0.14785E+01
  0.14998E+01
  0.15248E+01
  0.15535E+01
  0.15860E+01
  0.16223E+01
  0.16623E+01
  0.17058E+01
  0.17524E+01
  0.18017E+01
  0.18530E+01
  0.19051E+01
  0.19570E+01
  0.20071E+01
  0.20538E+01
  0.20953E+01
  0.21298E+01
  0.21559E+01
  0.21720E+01
  0.21775E+01
  0.19652E+01
  0.19562E+01
  0.19418E+01
  0.19225E+01
  0.18991E+01
  0.18725E+01
  0.18436E+01
  0.18135E+01
  0.17828E+01
  0.17524E+01
  0.17229E+01
  0.16948E+01
  0.16685E+01
  0.16443E+01
  0.16223E+01
  0.16026E+01
  0.15852E+01
  0.15702E+01
  0.15575E+01
  0.15469E+01
  0.15385E+01
  0.15320E+01
  0.15274E+01
  0.15247E+01
  0.15238E+01
  0.15247E+01
  0.15274E+01
  0.15320E+01
  0.15385E+01
  0.15469E+01
  0.15575E+01
  0.15702E+01
  0.15852E+01
  0.16026E+01
  0.16223E+01
  0.16443E+01
  0.16685E+01
  0.16948E+01
  0.17229E+01
  0.17524E+01
  0.17828E+01
  0.18135E+01
  0.18437E+01
  0.18725E+01
  0.18991E+01
  0.19225E+01
  0.19418E+01
  0.19562E+01
  0.19652E+01
  0.19682E+01
  0.17917E+01
  0.17880E+01
  0.17820E+01
  0.17739E+01
  0.17642E+01
  0.17533E+01
  0.17416E+01
  0.17295E+01
  0.17174E+01
  0.17058E+01
  0.16948E+01
  0.16849E+01
  0.16761E+01
  0.16685E+01
  0.16623E+01
  0.16572E+01
  0.16534E+01
  0.16506E+01
  0.16487E+01
  0.16475E+01
  0.16468E+01
  0.16465E+01
  0.16464E+01
  0.16464E+01
  0.16464E+01
  0.16464E+01
  0.16464E+01
  0.16465E+01
  0.16468E+01
  0.16475E+01
  0.16487E+01
  0.16506E+01
  0.16534E+01
  0.16572E+01
  0.16623E+01
  0.16685E+01
  0.16761E+01
  0.16849E+01
  0.16948E+01
  0.17058E+01
  0.17174E+01
  0.17295E+01
  0.17416E+01
  0.17533E+01
  0.17642E+01
  0.17739E+01
  0.17820E+01
  0.17880E+01
  0.17917E+01
  0.17930E+01
  0.16464E+01
  0.16464E+01
  0.16465E+01
  0.16468E+01
  0.16475E+01
  0.16487E+01
  0.16506E+01
  0.16534E+01
  0.16572E+01
  0.16623E+01
  0.16685E+01
  0.16761E+01
  0.16849E+01
  0.16948E+01
  0.17058E+01
  0.17174E+01
  0.17295E+01
  0.17416E+01
  0.17533E+01
  0.17642E+01
  0.17739E+01
  0.17820E+01
  0.17880E+01
  0.17917E+01
  0.17930E+01
  0.17917E+01
  0.17880E+01
  0.17820E+01
  0.17739E+01
  0.17642E+01
  0.17533E+01
  0.17416E+01
  0.17295E+01
  0.17174E+01
  0.17058E+01
  0.16948E+01
  0.16849E+01
  0.16761E+01
  0.16685E+01
  0.16623E+01
  0.16572E+01
  0.16534E+01
  0.16506E+01
  0.16487E+01
  0.16475E+01
  0.16468E+01
  0.16465E+01
  0.16464E+01
  0.16464E+01
  0.16464E+01
  0.15247E+01
  0.15274E+01
  0.15320E+01
  0.15385E+01
  0.15469E+01
  0.15575E+01
  0.15702E+01
  0.15852E+01
  0.16026E+01
  0.16223E+01
  0.16443E+01
  0.16685E+01
  0.16948E+01
  0.17229E+01
  0.17524E+01
  0.17828E+01
  0.18135E+01
  0.18437E+01
  0.18725E+01
  0.18991E+01
  0.19225E+01
  0.19418E+01
  0.19562E+01
  0.19652E+01
  0.19682E+01
  0.19652E+01
  0.19562E+01
  0.19418E+01
  0.19225E+01
  0.18991E+01
  0.18725E+01
  0.18437E+01
  0.18135E+01
  0.17828E+01
  0.17524E+01
  0.17229E+01
  0.16948E+01
  0.16685E+01
  0.16443E+01
  0.16223E+01
  0.16026E+01
  0.15852E+01
  0.15702E+01
  0.15575E+01
  0.15469E+01
  0.15385E+01
  0.15320E+01
  0.15274E+01
  0.15247E+01
  0.15238E+01
  0.14228E+01
  0.14275E+01
  0.14353E+01
  0.14464E+01
  0.14607E+01
  0.14785E+01
  0.14998E+01
  0.15248E+01
  0.15535E+01
  0.15860E+01
  0.16223E+01
  0.16623E+01
  0.17058E+01
  0.17524E+01
  0.18017E+01
  0.18530E+01
  0.19051E+01
  0.19570E+01
  0.20071E+01
  0.20538E+01
  0.20953E+01
  0.21298E+01
  0.21559E+01
  0.21720E+01
  0.21775E+01
  0.21720E+01
  0.21559E+01
  0.21298E+01
  0.20953E+01
  0.20538E+01
  0.20071E+01
  0.19570E+01
  0.19051E+01
  0.18530E+01
  0.18017E+01
  0.17524E+01
  0.17058E+01
  0.16623E+01
  0.16223E+01
  0.15860E+01
  0.15535E+01
  0.15248E+01
  0.14998E+01
  0.14785E+01
  0.14607E+01
  0.14464E+01
  0.14353E+01
  0.14275E+01
  0.14228E+01
  0.14213E+01
  0.13377E+01
  0.13438E+01
  0.13540E+01
  0.13684E+01
  0.13872E+01
  0.14106E+01
  0.14387E+01
  0.14717E+01
  0.15099E+01
  0.15535E+01
  0.16026E+01
  0.16572E+01
  0.17174E+01
  0.17828E+01
  0.18530E+01
  0.19270E+01
  0.20037E+01
  0.20812E+01
  0.21575E+01
  0.22297E+01
  0.22950E+01
  0.23501E+01
  0.23920E+01
  0.24183E+01
  0.24272E+01
  0.24183E+01
  0.23920E+01
  0.23501E+01
  0.22950E+01
  0.22297E+01
  0.21575E+01
  0.20812E+01
  0.20037E+01
  0.19270E+01
  0.18530E+01
  0.17828E+01
  0.17174E+01
  0.16572E+01
  0.16026E+01
  0.15535E+01
  0.15099E+01
  0.14717E+01
  0.14387E+01
  0.14106E+01
  0.13872E+01
  0.13684E+01
  0.13540E+01
  0.13438E+01
  0.13377E+01
  0.13357E+01
  0.12668E+01
  0.12739E+01
  0.12859E+01
  0.13028E+01
  0.13250E+01
  0.13526E+01
  0.13860E+01
  0.14256E+01
  0.14717E+01
  0.15248E+01
  0.15852E+01
  0.16534E+01
  0.17295E+01
  0.18135E+01
  0.19051E+01
  0.20037E+01
  0.21077E+01
  0.22152E+01
  0.23231E+01
  0.24274E+01
  0.25235E+01
  0.26060E+01
  0.26696E+01
  0.27098E+01
  0.27236E+01
  0.27098E+01
  0.26696E+01
  0.26060E+01
  0.25235E+01
  0.24274E+01
  0.23231E+01
  0.22152E+01
  0.21077E+01
  0.20037E+01
  0.19051E+01
  0.18135E+01
  0.17295E+01
  0.16534E+01
  0.15852E+01
  0.15248E+01
  0.14717E+01
  0.14256E+01
  0.13860E+01
  0.13526E+01
  0.13250E+01
  0.13028E+01
  0.12859E+01
  0.12739E+01
  0.12668E+01
  0.12645E+01
  0.12081E+01
  0.12160E+01
  0.12292E+01
  0.12480E+01
  0.12727E+01
  0.13036E+01
  0.13412E+01
  0.13860E+01
  0.14387E+01
  0.14998E+01
  0.15702E+01
  0.16506E+01
  0.17416E+01
  0.18437E+01
  0.19570E+01
  0.20812E+01
  0.22152E+01
  0.23567E+01
  0.25020E+01
  0.26458E+01
  0.27810E+01
  0.28995E+01
  0.29923E+01
  0.30518E+01
  0.30723E+01
  0.30518E+01
  0.29923E+01
  0.28995E+01
  0.27810E+01
  0.26458E+01
  0.25020E+01
  0.23567E+01
  0.22152E+01
  0.20812E+01
  0.19570E+01
  0.18437E+01
  0.17416E+01
  0.16506E+01
  0.15702E+01
  0.14998E+01
  0.14387E+01
  0.13860E+01
  0.13412E+01
  0.13036E+01
  0.12727E+01
  0.12480E+01
  0.12292E+01
  0.12160E+01
  0.12081E+01
  0.12055E+01
  0.11600E+01
  0.11684E+01
  0.11826E+01
  0.12028E+01
  0.12294E+01
  0.12628E+01
  0.13036E+01
  0.13526E+01
  0.14106E+01
  0.14785E+01
  0.15575E+01
  0.16487E+01
  0.17533E+01
  0.18725E+01
  0.20071E+01
  0.21575E+01
  0.23231E+01
  0.25020E+01
  0.26902E+01
  0.28809E+01
  0.30647E+01
  0.32293E+01
  0.33607E+01
  0.34459E+01
  0.34755E+01
  0.34459E+01
  0.33607E+01
  0.32293E+01
  0.30647E+01
  0.28809E+01
  0.26902E+01
  0.25020E+01
  0.23231E+01
  0.21575E+01
  0.20071E+01
  0.18725E+01
  0.17533E+01
  0.16487E+01
  0.15575E+01
  0.14785E+01
  0.14106E+01
  0.13526E+01
  0.13036E+01
  0.12628E+01
  0.12294E+01
  0.12028E+01
  0.11826E+01
  0.11684E+01
  0.11600E+01
  0.11572E+01
  0.11212E+01
  0.11300E+01
  0.11448E+01
  0.11661E+01
  0.11940E+01
  0.12294E+01
  0.12727E+01
  0.13250E+01
  0.13872E+01
  0.14607E+01
  0.15469E+01
  0.16475E+01
  0.17642E+01
  0.18991E+01
  0.20538E+01
  0.22297E+01
  0.24274E+01
  0.26458E+01
  0.28809E+01
  0.31254E+01
  0.33669E+01
  0.35881E+01
  0.37685E+01
  0.38872E+01
  0.39288E+01
  0.38872E+01
  0.37685E+01
  0.35881E+01
  0.33669E+01
  0.31254E+01
  0.28809E+01
  0.26458E+01
  0.24274E+01
  0.22297E+01
  0.20538E+01
  0.18991E+01
  0.17642E+01
  0.16475E+01
  0.15469E+01
  0.14607E+01
  0.13872E+01
  0.13250E+01
  0.12727E+01
  0.12294E+01
  0.11940E+01
  0.11661E+01
  0.11448E+01
  0.11300E+01
  0.11212E+01
  0.11183E+01
  0.10906E+01
  0.10997E+01
  0.11151E+01
  0.11370E+01
  0.11661E+01
  0.12028E+01
  0.12480E+01
  0.13028E+01
  0.13684E+01
  0.14464E+01
  0.15385E+01
  0.16468E+01
  0.17739E+01
  0.19225E+01
  0.20953E+01
  0.22950E+01
  0.25235E+01
  0.27810E+01
  0.30647E+01
  0.33669E+01
  0.36728E+01
  0.39598E+01
  0.41988E+01
  0.43586E+01
  0.44149E+01
  0.43586E+01
  0.41988E+01
  0.39598E+01
  0.36728E+01
  0.33669E+01
  0.30647E+01
  0.27810E+01
  0.25235E+01
  0.22950E+01
  0.20953E+01
  0.19225E+01
  0.17739E+01
  0.16468E+01
  0.15385E+01
  0.14464E+01
  0.13684E+01
  0.13028E+01
  0.12480E+01
  0.12028E+01
  0.11661E+01
  0.11370E+01
  0.11151E+01
  0.10997E+01
  0.10906E+01
  0.10876E+01
  0.10676E+01
  0.10769E+01
  0.10926E+01
  0.11151E+01
  0.11448E+01
  0.11826E+01
  0.12292E+01
  0.12859E+01
  0.13540E+01
  0.14353E+01
  0.15320E+01
  0.16465E+01
  0.17820E+01
  0.19418E+01
  0.21298E+01
  0.23501E+01
  0.26060E+01
  0.28995E+01
  0.32293E+01
  0.35881E+01
  0.39598E+01
  0.43165E+01
  0.46194E+01
  0.48251E+01
  0.48983E+01
  0.48251E+01
  0.46194E+01
  0.43165E+01
  0.39598E+01
  0.35881E+01
  0.32293E+01
  0.28995E+01
  0.26060E+01
  0.23501E+01
  0.21298E+01
  0.19418E+01
  0.17820E+01
  0.16465E+01
  0.15320E+01
  0.14353E+01
  0.13540E+01
  0.12859E+01
  0.12292E+01
  0.11826E+01
  0.11448E+01
  0.11151E+01
  0.10926E+01
  0.10769E+01
  0.10676E+01
  0.10646E+01
  0.10516E+01
  0.10610E+01
  0.10769E+01
  0.10997E+01
  0.11300E+01
  0.11684E+01
  0.12160E+01
  0.12739E+01
  0.13438E+01
  0.14275E+01
  0.15274E+01
  0.16464E+01
  0.17880E+01
  0.19562E+01
  0.21559E+01
  0.23920E+01
  0.26696E+01
  0.29923E+01
  0.33607E+01
  0.37685E+01
  0.41988E+01
  0.46194E+01
  0.49828E+01
  0.52328E+01
  0.53224E+01
  0.52328E+01
  0.49828E+01
  0.46194E+01
  0.41988E+01
  0.37685E+01
  0.33607E+01
  0.29923E+01
  0.26696E+01
  0.23920E+01
  0.21559E+01
  0.19562E+01
  0.17880E+01
  0.16464E+01
  0.15274E+01
  0.14275E+01
  0.13438E+01
  0.12739E+01
  0.12160E+01
  0.11684E+01
  0.11300E+01
  0.10997E+01
  0.10769E+01
  0.10610E+01
  0.10516E+01
  0.10485E+01
  0.10421E+01
  0.10516E+01
  0.10676E+01
  0.10906E+01
  0.11212E+01
  0.11600E+01
  0.12081E+01
  0.12668E+01
  0.13377E+01
  0.14228E+01
  0.15247E+01
  0.16464E+01
  0.17917E+01
  0.19652E+01
  0.21720E+01
  0.24183E+01
  0.27098E+01
  0.30518E+01
  0.34459E+01
  0.38872E+01
  0.43586E+01
  0.48251E+01
  0.52328E+01
  0.55160E+01
  0.56180E+01
  0.55160E+01
  0.52328E+01
  0.48251E+01
  0.43586E+01
  0.38872E+01
  0.34459E+01
  0.30518E+01
  0.27098E+01
  0.24183E+01
  0.21720E+01
  0.19652E+01
  0.17917E+01
  0.16464E+01
  0.15247E+01
  0.14228E+01
  0.13377E+01
  0.12668E+01
  0.12081E+01
  0.11600E+01
  0.11212E+01
  0.10906E+01
  0.10676E+01
  0.10516E+01
  0.10421E+01
  0.10390E+01
  0.10390E+01
  0.10485E+01
  0.10646E+01
  0.10876E+01
  0.11183E+01
  0.11572E+01
  0.12055E+01
  0.12645E+01
  0.13357E+01
  0.14213E+01
  0.15238E+01
  0.16464E+01
  0.17930E+01
  0.19682E+01
  0.21775E+01
  0.24272E+01
  0.27236E+01
  0.30723E+01
  0.34755E+01
  0.39288E+01
  0.44149E+01
  0.48983E+01
  0.53224E+01
  0.56180E+01
  0.57246E+01
  0.56180E+01
  0.53224E+01
  0.48983E+01
  0.44149E+01
  0.39288E+01
  0.34755E+01
  0.30723E+01
  0.27236E+01
  0.24272E+01
  0.21775E+01
  0.19682E+01
  0.17930E+01
  0.16464E+01
  0.15238E+01
  0.14213E+01
  0.13357E+01
  0.12645E+01
  0.12055E+01
  0.11572E+01
  0.11183E+01
  0.10876E+01
  0.10646E+01
  0.10485E+01
  0.10390E+01
  0.10358E+01
